function An = power_turbine_correction (th,Pk)
% power_turbine_correction Возвращает коэффициент корректирования мощности
% свободной турбины по внешней характеристике свободной турбины

    p00 = -0.410800000;
    p10 = 0.079100000;
    p01 = 0.673200000;
    p20 = -0.000137500;
    p11 = -0.032960000;
    p02 = -0.119100000;
    p21 = 0.000038970;
    p12 = 0.004617000;
    p03 = 0.009177000;
    p22 = -0.000002788;
    p13 = -0.000217400;
    p04 = -0.000254500;
    %An = p00 + p10*x + p01*y + p20*x^2 + p11*x*y + p02*y^2 + p21*x^2*y + p12*x*y^2 + p03*y^3 + p22*x^2*y^2 + p13*x*y^3 + p04*y^4
    An = p00 + p10*th + p01*Pk + p20*th^2 + p11*th*Pk + p02*Pk^2 + p21*th^2*Pk + p12*th*Pk^2 + p03*Pk^3 + p22*th^2*Pk^2 + p13*th*Pk^3 + p04*Pk^4;
    
